   0.000    0.230    0.569   -0.895
   0.010   -1.246    3.499    7.771
   0.020   -0.358    0.391    1.187
   0.030    1.168    0.073    5.976
   0.040   -1.137    1.073   -2.170
   0.051   -1.881   -0.227   -1.599
   0.061    0.958   -2.031   -4.082
   0.071    0.941    1.094   -0.519
   0.081    0.633   -2.393    3.571
   0.091   -0.933   -0.383    2.137
   0.101    1.153   -3.900   -1.504
   0.111    1.514   -1.016   -1.237
   0.121    2.428    2.546   -4.593
   0.131    2.393   -2.835   -0.435
   0.141    0.423    3.499   -2.879
   0.152   -1.421   -4.625    5.212
   0.162    1.025   -1.928    7.107
   0.172    0.372   -2.257    0.514
   0.182    0.185   -2.595   -1.053
   0.192    0.423    0.536   -1.848
   0.202    0.675   -1.900    5.399
   0.212    2.453    1.412   -1.584
   0.222    0.035    1.249   -4.129
   0.232   -1.088    1.052   -0.123
   0.242   -0.866    2.388    5.684
   0.253   -1.560    2.695    3.413
   0.263    0.700   -0.669    7.734
   0.273   -1.347    3.048    0.431
   0.283   -1.085   -1.076   -4.129
   0.293   -0.375   -1.747   -6.265
   0.303    0.280    2.781   -1.729
   0.313   -0.943   -0.638    2.473
   0.323   -0.183    2.957    0.109
   0.333   -1.338    0.745    1.768
   0.343   -0.065   -0.833    2.447
   0.354   -0.817    2.248   -0.364
   0.364    0.801    2.977    4.005
   0.374   -0.060   -1.609    2.138
   0.384   -1.160   -3.349    0.088
   0.394   -0.416   -1.596    6.473
   0.404    0.435   -0.647   -0.990
   0.414   -0.457   -3.074   -5.305
   0.424    1.443    3.435   -3.857
   0.434   -0.425    2.293   -6.119
   0.444    0.307   -1.923    2.075
   0.455    0.819    0.557   -4.364
   0.465    0.240   -1.941    3.862
   0.475   -0.044    1.726    6.296
   0.485    1.462    0.617    2.762
   0.495   -0.359   -4.091    0.356
   0.505   -0.714   -0.102    3.713
   0.515   -0.422    1.203    6.857
   0.525    0.630   -2.854    0.716
   0.535    0.802   -2.286    5.032
   0.545   -0.592   -1.900   -1.430
   0.556   -1.164   -0.198   -0.412
   0.566    1.293    2.225    4.027
   0.576    0.442   -4.783   -2.523
   0.586    0.936   -1.310   -0.677
   0.596    0.780    2.647    5.747
   0.606   -1.065    1.656    2.332
   0.616    0.600   -1.353   -3.705
   0.626   -1.223   -0.850    1.601
   0.636   -0.972    0.356    2.869
   0.646    0.186    1.963   12.855
   0.657   -0.021    2.592    0.802
   0.667   -0.913    0.047   -3.267
   0.677   -1.167    0.144   -0.526
   0.687   -0.112   -0.828   -3.659
   0.697   -1.339   -2.812    0.841
   0.707    0.332   -1.819    2.760
   0.717   -1.847   -1.660    1.051
   0.727   -1.242    2.378    3.787
   0.737    1.178   -0.234   -2.605
   0.747   -0.174    1.799    4.146
   0.758    1.165    1.145    4.437
   0.768    0.216    0.378    2.015
   0.778   -0.225   -0.694    2.594
   0.788   -0.353   -4.160   -2.668
   0.798    2.628   -1.411   -1.760
   0.808   -0.490   -1.300    0.433
   0.818   -0.181   -1.901   -3.375
   0.828    0.087   -2.148    2.912
   0.838   -3.273    1.913    0.934
   0.848    1.921    3.344   -0.799
   0.859   -2.080   -0.502   -4.189
   0.869   -1.080    1.497   -1.274
   0.879   -0.632   -3.747    9.480
   0.889   -0.417    0.504   -0.463
   0.899   -0.050   -0.254    7.696
   0.909   -0.917   -1.390    1.558
   0.919   -1.444   -0.603   -3.584
   0.929    0.175   -0.934    1.668
   0.939   -1.601    2.210    5.087
   0.949   -0.919   -0.000   -5.903
   0.960    1.907   -0.879   -1.442
   0.970   -0.614    3.856    0.382
   0.980   -0.194   -0.870    9.271
   0.990    1.313   -1.409    3.818
   1.000   -0.037    3.365    2.314
