8.647780177977208993e-01
4.123314194547599287e-01
3.727326447629110140e-01
7.994636911098557119e-01
7.960272418618696832e-02
1.974425955976973901e-01
4.782122500868338788e-01
5.507089757612736447e-01
6.425938150311344410e-01
5.436551446620162542e-01
3.142230997849386753e-01
5.889659091386557632e-01
9.582761352040427560e-01
5.730105735965494995e-01
8.540600296085857357e-01
4.110716064354635879e-02
4.089192042975240415e-01
1.382165668700329197e-01
4.664742719733747656e-01
2.851311776226493899e-01
1.666608785936080084e-01
3.977461816294468600e-01
6.619825757365200847e-01
6.139144659860534814e-01
3.607234195393664855e-01
3.778700310144900154e-01
8.109592837643074814e-01
4.164292947224212948e-02
5.706304656608346404e-01
5.797172917076364174e-01
7.239043052799649658e-01
3.084345667851277062e-01
6.632036932961533626e-01
2.683033904462714947e-01
7.088666680949228249e-01
1.491099313083674716e-01
8.215407002295758154e-01
6.584655338222378251e-02
6.916892306323065842e-01
2.759651458060907725e-01
6.855297289126527360e-01
2.177535094656533055e-01
5.567847623253738831e-01
2.393420064682855175e-01
9.753043685901031656e-01
8.834535197145402252e-01
9.867274971669460770e-01
4.335019857603398252e-01
1.851483688109061276e-01
2.721980568669672973e-01
5.898691271108529310e-01
4.751623822096091576e-01
5.241024741376207885e-01
8.678994480261870148e-01
3.825824367682471028e-01
7.647076575557637534e-01
6.296338643057397544e-02
4.979542885279819586e-02
2.910875127461739487e-01
7.752584046783019822e-01
1.164183001807113094e-01
1.956383907647537557e-01
2.144716082990979489e-01
1.495370076869880771e-01
9.524815647242921290e-01
5.039924510830663396e-01
1.531810306070530148e-01
9.560643631141337861e-01
7.182054588933828310e-01
9.388155730754210726e-02
9.404432255418807562e-01
8.483114964128999347e-01
6.153043841375263057e-01
8.060480332479106336e-01
4.643152652352882104e-01
5.752384982492229071e-01
8.190043358973142507e-02
4.382972015203967509e-02
8.778147212359543872e-01
9.657014316665346598e-01
1.715807042895649559e-01
3.682814948911498076e-01
7.398846898974954511e-01
9.851059117945046850e-01
7.133823000455707941e-02
1.387580882299321861e-02
9.787028802227404345e-02
4.703283092034917789e-01
5.619068553073852668e-01
9.225690903369418994e-01
9.017402187839010930e-01
7.900846720276877289e-01
6.648882408883051154e-01
8.979071942019728469e-01
4.958830336709307840e-01
7.448612336909942178e-01
4.405031081454480191e-02
5.979165444585157196e-01
8.587054496141811599e-01
8.747226422821314795e-01
4.299435150558494900e-02
4.096195711270056439e-02
4.766758811617213265e-01
4.611670824422348103e-01
3.188361236803661791e-01
8.542277100108333077e-01
1.728123882334173800e-01
9.706967547442504340e-01
8.420212933149590073e-01
4.697113022231704793e-01
4.965588573778557668e-01
7.019310830735603357e-01
4.418680624096580356e-01
2.846915171104679176e-01
8.017902723800302001e-01
7.529711128727186731e-01
5.693057044668593525e-01
2.172207279415618864e-01
1.410576536418894911e-01
2.390745029743392980e-01
4.086256476538131510e-01
3.186727153404840251e-01
1.177532055472750860e-01
8.378052069885342235e-01
7.569589848750597483e-01
2.320384459359861040e-01
9.927054300670348219e-01
3.411125248415465272e-01
6.732107303937086007e-01
3.999414649169649172e-01
5.365456046502923293e-01
3.595301000237340894e-01
3.337069553499747432e-01
5.011658180703708609e-01
6.114465353831806116e-01
7.420148184780321898e-01
7.334600949927391200e-01
2.955095801561697932e-01
8.290095968712546393e-01
8.901314072364259200e-01
1.061816992456791064e-01
5.956884169109120108e-01
3.838670394054755075e-01
7.636131990484781307e-01
5.442601889214810917e-01
7.495809010589381538e-01
7.746591473640315195e-01
1.570265877958018086e-01
7.082331261880626672e-01
1.361492297505080273e-01
3.430291445851171295e-01
4.946340173890577674e-01
7.422874814651994058e-01
6.249025207413816396e-01
1.370902516994516596e-01
6.535553753752353368e-01
1.596270615713857310e-01
3.543038861532016304e-01
3.049698785730943218e-01
8.876398871691248971e-02
8.154043302225810752e-02
3.572123421489600270e-01
3.914860537820128439e-01
6.677780296529872706e-01
1.840371625358723229e-01
4.294100905925004596e-01
1.661227147370982760e-01
8.960052647581218110e-02
9.317820715873540438e-01
2.691528037671374607e-01
2.709346992889125616e-01
3.195166745001170039e-01
2.214396348544016568e-01
9.464932971872386247e-02
3.468786490780815246e-01
3.648835029535851815e-01
1.184627692488405826e-01
4.374368370121550775e-02
9.489074661550089829e-01
1.141531475970418708e-01
9.477011106846413568e-01
7.978646154734089224e-01
2.860723146444955622e-01
1.696143503271809738e-01
2.235778553803582369e-01
6.323123444723637299e-01
7.743777124613535623e-01
7.211514866058529316e-01
5.625508185968413066e-01
7.492713222388440730e-01
9.813392322258626121e-01
7.977024592289498894e-01
4.992724554856731167e-02
3.389881506930750854e-01
1.673302309545092736e-01
4.024462689870837995e-01
8.366567540771921996e-01
8.780464537619617760e-01
2.784307943212865899e-01
9.676517297770056425e-01
1.519846752622699970e-01
5.898660482513817804e-01
1.213773628426780826e-01
5.389087317323191240e-01
9.060321353467098993e-01
4.132409154838805332e-01
9.786201416118235352e-01
1.663921262896727038e-01
3.030765377257010895e-01
8.603757346537764805e-01
7.711614094838815658e-01
4.865784433185773583e-01
9.927972068497572522e-01
3.866464607898691952e-01
1.643081249635225394e-02
7.056107814151446611e-02
3.899118185578048790e-01
9.887704306004008181e-02
9.751871368864036826e-01
1.066917074635526097e-01
8.006138750071207788e-01
2.587445739701754732e-01
6.313888327996339811e-01
1.718475724406112182e-01
7.122450897185169660e-01
5.535054662080168830e-01
7.892832234872581010e-01
2.705158557729387958e-01
6.389495506122581103e-01
9.891854848673217182e-01
7.758693826008411509e-01
4.506895415010445660e-01
9.112687312684099039e-01
8.440749780276971537e-01
8.542251902029961430e-01
7.652991553082225673e-01
4.406777376497759136e-01
1.478995491356644987e-01
3.088405116713173193e-01
3.848263808283016729e-01
2.077215644499601499e-01
3.513557913193370297e-01
9.534421314764095490e-01
4.077226097309849528e-01
5.455491807434816875e-01
9.246546275911639023e-01
9.299341016855052766e-01
4.229856461636499754e-01
1.284479535349541957e-01
4.292198714910236967e-01
6.315310197880833476e-01
7.469009877822775367e-01
9.064539061886182081e-01
8.858655605346080764e-01
7.315203704121537864e-01
5.728725672376541178e-01
5.498062057117107937e-01
7.288760340651678771e-02
7.494499331839186151e-01
2.958930943895423660e-01
6.642343668431019976e-01
6.977001458052198846e-01
4.871964863305164872e-01
7.060381587547842619e-01
4.392593905377312202e-01
6.870734630517053576e-01
8.227099367449873801e-01
8.752366780267256674e-01
3.916292209869315366e-01
1.924232409417547807e-02
6.841591732230205558e-01
5.871083574335490551e-01
7.728033937691178856e-01
5.598832595444946936e-02
6.411107715956835262e-01
5.158232544049456969e-02
4.667679212469496575e-01
9.106744347061745959e-02
3.465454700448663550e-01
1.273458166203497166e-01
6.193909590221471362e-01
4.333113930345060538e-01
7.632294734628953803e-01
5.415639880061339229e-01
7.086756155326444651e-01
5.199704159628959488e-01
4.777127162202015054e-01
8.486717861003656438e-02
7.921255259745816346e-01
6.518960982724359976e-01
1.166182196117516723e-01
4.244308418110955827e-01
8.359359074215300112e-01
6.288314650979426323e-01
3.159609033274168866e-04
1.649902363403696892e-01
7.610542010666893065e-01
5.568919327415808862e-01
1.709250411768399314e-01
9.923677988219113955e-01
6.336121732728003941e-01
2.833865059223482641e-01
5.077470130584524899e-01
2.177624557526148807e-01
5.711304021050150892e-01
3.858699123552740140e-01
2.938011628630178285e-01
9.833875321459063512e-01
3.826209576767594100e-01
7.325866663070476070e-01
7.263431998239274767e-01
4.554594247096031001e-01
1.641427378741436849e-01
3.066740109320186258e-01
7.374382413317394080e-01
3.809315307690375185e-02
8.051144620034779154e-01
6.186516628861846723e-01
1.634967073315906072e-01
1.115115199376732757e-01
5.863950298053778321e-01
5.068172853052319571e-01
6.891994301938646483e-01
6.499506177948590757e-01
1.107112152489846402e-01
5.032978612220406767e-02
9.692132685630626687e-01
6.671193552675835914e-01
5.160261310843571314e-01
4.923602280045955570e-01
5.486138226689596387e-01
8.824725792556679105e-01
7.501264593079919329e-01
1.202809730683804812e-01
9.283988288167903669e-01
9.301664473524184906e-02
9.195831406286658627e-02
7.814225405886764397e-01
4.625763283570591966e-01
5.112020495798665909e-01
2.097184295830548661e-01
6.558857253758095807e-01
9.691818648082416443e-01
4.565103389386508947e-01
2.634213737246354770e-01
4.164715877334680405e-01
7.540809955347193005e-01
5.941691873988680372e-01
4.915376029062649144e-01
8.952185127887329896e-01
5.243603424266396473e-02
7.796714485294855557e-01
7.636164260370943424e-01
9.481712846343243184e-01
4.546409571648923897e-01
7.371392812908740266e-01
6.613725765171811766e-01
3.994817983294171038e-01
1.014208968051032445e-01
1.881453881712330523e-01
9.451716186237453243e-01
6.682202064064483027e-01
4.965661303891484302e-01
2.529188195037186393e-01
5.916169799647708061e-02
5.371835984070891801e-01
7.493828037129744990e-01
6.073152447064826820e-01
3.101583022407083945e-02
6.731799949356479518e-01
7.746363170987859981e-01
2.338814188815014905e-01
1.437390683391570612e-02
3.545054520896395722e-02
9.340103424234759144e-01
9.317888205014150937e-01
3.648342341642670794e-01
1.985076410054429363e-01
1.902864712503703482e-01
2.926022112604554914e-01
9.136512972532423449e-01
5.618776233041092860e-01
3.576689533733423687e-02
8.979575647214086409e-01
1.822533856294434873e-01
2.136067609122690447e-01
1.512841731696477066e-01
2.295288587037495054e-01
1.872498887871268947e-01
1.781775005710699578e-01
7.969965536574551423e-01
5.934245688012501629e-01
5.794632855516003156e-01
5.948601336320935573e-01
5.313647114006730954e-01
5.787294160910086971e-01
9.684037801710103643e-01
4.906725441339940819e-01
1.774030569660911549e-01
7.795883526978738542e-01
8.476198001539014815e-01
4.144133739705323505e-01
4.722160607519101383e-01
2.741929786941211811e-01
2.997690813484116257e-01
9.210080607675139586e-01
2.304559663212654153e-01
9.747140767496298430e-02
9.596964753987781149e-01
9.142217286556300060e-01
6.995679138567644229e-01
1.712576910210735770e-01
9.318735568756764120e-02
5.144223426699389146e-01
7.166113500643888079e-01
5.358742047479660986e-01
7.440212083986096347e-01
1.338105042105562914e-01
6.303216805779267018e-01
1.760812551864545661e-01
6.281732759518261489e-01
6.003725986892869404e-01
8.937639615430031936e-01
3.935715563160590014e-01
7.790839627721738436e-01
7.857101252989237006e-01
6.356990717198478524e-01
5.919445394451906539e-01
5.854837921446811588e-01
2.690674514135892315e-01
7.037223236175882413e-02
7.052730093937213951e-01
8.243978498605246674e-01
6.540891979676634049e-01
6.464596073725974446e-01
4.167683314248484816e-01
9.354004153379047448e-01
8.417896076510485992e-01
2.935555068644896126e-01
6.050727212833340030e-01
6.467864851863098785e-01
2.223071930891689085e-01
2.926277647162682793e-01
7.612360527422300516e-01
6.395076161006564286e-01
9.630638540146346793e-01
2.488804897192685717e-01
2.036654758531541987e-02
6.054211562549570713e-01
2.779661430087513319e-01
8.523386349707225973e-01
1.515064443411371364e-01
1.450128875403889905e-01
3.915146345893116830e-02
1.952749789858800877e-01
7.905276800895562062e-01
1.333183716089736404e-02
4.821362418302571617e-01
1.628716623034354161e-01
7.727977690398895039e-01
2.796845593371215521e-01
4.242623777019477460e-01
5.560219509567196905e-01
1.777694168105226069e-02
4.378627911365582381e-01
9.348528927267044653e-01
8.280052120302494600e-02
9.587993262609099121e-01
6.639872578616766718e-01
9.877215652218407360e-02
2.527780438186097989e-01
2.437432404320150070e-03
7.008250163218807671e-01
7.504775973048305460e-01
8.845948097329470183e-02
1.157703515340964273e-01
8.040152869822660975e-01
6.006780165828623508e-01
1.913546718386637258e-01
4.846563150784808371e-01
8.758328582551681007e-01
2.577473783537181928e-01
2.954370354682933630e-02
4.326738949456887529e-01
2.205128283733148731e-02
1.513242462620288942e-01
3.922882120665684980e-01
7.961106957633629078e-01
8.675461095588892224e-01
2.288034455232603737e-01
9.209834981827995648e-01
4.684229655015534899e-01
2.654014892280012194e-01
9.725444792461919175e-01
9.574176067814166302e-02
3.468629528122646466e-02
8.883222227076468247e-01
5.115017105677573950e-01
3.195515650192580770e-01
5.084826026367268437e-01
2.552507883126919896e-02
3.700532258618476344e-01
7.187006521367412804e-01
8.597995135692764190e-01
8.480962676792863641e-01
2.478506855149968935e-01
6.485962674257187421e-01
3.648964703893559092e-01
4.239218576310698205e-01
7.820377295357612280e-01
9.429536482338574110e-03
1.253786389000356438e-01
4.835694719190619661e-01
8.116053887710400483e-01
3.933289862059345943e-01
3.893337044408555769e-01
5.264103794840743200e-01
2.581339466317635889e-01
9.388444196355857363e-01
2.414868995643432159e-01
8.562969714491692752e-01
2.690824642005632539e-01
4.655257564556186667e-01
5.557810333501875810e-01
8.935423889659600549e-01
2.510925789639806283e-02
6.358045505759601923e-02
9.071125966593661660e-01
3.319003297641901495e-01
8.366956453056035858e-01
4.486030726542242775e-01
5.128677710837952208e-01
1.158359343840348332e-01
5.309082452180124978e-02
3.276136817885919594e-01
5.399913018269882903e-01
5.789597918485507311e-01
2.293439433425793483e-01
7.715311604864278916e-01
6.494518424408514123e-01
4.415065623312106613e-01
6.369545484222499665e-01
4.971713821591809968e-01
1.055911696692668489e-01
3.144945541726364979e-01
2.153740074629563184e-01
5.088035918267361790e-01
2.198303448217534539e-01
9.887036595036222675e-01
5.517800522838627320e-01
5.068663021499968391e-01
4.698924905121675266e-01
4.918694175310105443e-01
6.471265086298634284e-01
4.426376277712906759e-02
7.015986225163766132e-01
5.972054012007922408e-01
8.568774829647327618e-01
4.128238292592830705e-01
5.341032182391184380e-01
2.809496440833867403e-01
8.034695257220972886e-01
3.543655382599596448e-01
8.682859955747023184e-01
8.467627865358640094e-01
4.680794510122114893e-01
9.412209330008369790e-01
5.388645596347828581e-01
7.327134153283766382e-01
1.214403524233652609e-01
3.570726885509734050e-01
9.379559280885035877e-01
6.435486180599914174e-01
3.753861165127563293e-01
7.948044262157616391e-02
3.915581963388454767e-01
7.068272360672746002e-01
4.395742188391672522e-01
6.915554127630534342e-01
7.296133973334139045e-01
2.701820190803061461e-02
5.362139769939812117e-01
7.569872809270559166e-01
2.624839108562002643e-01
3.027594968470699310e-01
2.615892712179321844e-01
6.351557042183085811e-01
9.128047803647960645e-01
2.712227009831650326e-01
4.225848832876880623e-01
3.072962590137201522e-01
3.144128982210523393e-01
1.815248958198831808e-01
4.169735719363339976e-01
8.000187445355430027e-01
4.446955081942748356e-01
7.715028273616987287e-01
5.435269153963530053e-01
5.256825719157236509e-01
9.854785770231450082e-01
9.645056374144658218e-01
1.421567871812050576e-01
6.214136213334453540e-02
2.831457071469344333e-01
5.975484853059256363e-01
1.735740446153813954e-01
2.423409060316015218e-01
4.661900475590192716e-01
1.510544487909170064e-01
9.807374870022420588e-01
4.766400813922880841e-01
2.037199377787130006e-01
4.370412207514267067e-01
9.407370205766807381e-02
3.972269489508395424e-01
6.695442413459695707e-01
3.955529398944892527e-01
9.030144525376209153e-01
6.757004816872536068e-02
4.717627383836542343e-01
5.170429379695595795e-02
2.505680121174779229e-01
4.759042287342067912e-01
6.295481877912842972e-01
3.042766468408397706e-01
1.696293454360850994e-01
3.052188070721285618e-01
9.163008889218008379e-01
7.679823547703094055e-01
8.872796323895636439e-01
2.670262998719560299e-01
4.308151722681871076e-01
3.211041339592556332e-01
2.579844668629579507e-01
1.500766571785971948e-01
2.462492421069122361e-01
6.027108698182940261e-01
4.414210057106737750e-02
3.990774804877700310e-01
7.076672234519514326e-01
1.185495725652803145e-01
8.419135331647725762e-01
4.392950095043638425e-01
9.558247906168355623e-01
3.831569078615719715e-01
7.794066240150255842e-01
8.647201603306666762e-01
6.189458413383258639e-01
2.192645104831196790e-01
6.576754585204609427e-01
7.686749666581820239e-01
4.417840345297189275e-01
8.097384261437970965e-01
7.540031747150944819e-01
4.862820325037092717e-01
9.312424287971727832e-01
9.734049541695615204e-01
4.332639377965150640e-01
4.062459435679670605e-01
1.330430728564629961e-01
5.075859885496462054e-01
1.096297301270127145e-01
4.300915418301941573e-01
2.649343740537816183e-01
6.131497659274913747e-01
7.561035615140404564e-01
5.609227233978565375e-01
2.511757747988915268e-01
9.803460075132123253e-01
8.852332111405591952e-02
7.039522180046974276e-01
9.286412995328023889e-01
7.072669973908911611e-01
9.182923882886159239e-01
9.221726038524639124e-01
6.959231441342891289e-01
3.144669600277321120e-01
1.611765940246741025e-01
4.415520642971592080e-01
6.148971130635925153e-01
6.132834582521869971e-01
1.641297011973111841e-01
6.802107759051541080e-01
9.169219469719058768e-01
6.030257213811791583e-01
1.912736865708458689e-01
8.189938596857609943e-01
5.737772981723077148e-02
8.646871237297317769e-01
6.366275179318021671e-01
1.188531212917244284e-01
2.661835200308231286e-01
9.634506543681095048e-01
4.443452407973014218e-01
1.366005859896705088e-01
1.732378016665253595e-01
2.295018571120231998e-01
8.287608940116885092e-01
3.850524825286377739e-01
4.237581182411098712e-01
7.529076683246904711e-01
7.025520166163377045e-01
2.749665344618578144e-01
5.552949782171071602e-01
4.379739497052150821e-01
4.260607960237924319e-01
2.060206773331296759e-01
1.572633416902494696e-01
7.359215620544501402e-02
5.146738562975472497e-02
8.814098287422843514e-01
8.034753223837620695e-01
8.523229477566716117e-01
3.779033269299423292e-01
9.758233160921374605e-01
3.668629576030872919e-01
7.481642917819308902e-01
3.972161897637500605e-01
1.982241194591148892e-01
7.259571389936358976e-02
7.130656664559725799e-01
3.334776484279660114e-01
5.982191510964991465e-01
7.677981880294645345e-01
7.576946464438818474e-01
3.472123549293092415e-01
1.452795661996477694e-01
2.978066834647562500e-01
9.089486908813377841e-01
6.486512410180389487e-01
8.927339695285219090e-02
1.446850044590699547e-01
9.427602279236795280e-01
7.187406470034840567e-01
2.923950225993322549e-01
5.830309128547496167e-01
2.406475291344409850e-01
9.836553698326844231e-01
1.749145608835094290e-01
8.944182795994974899e-01
4.658215165585206652e-01
6.756913680680471934e-01
1.452597835741242793e-02
3.210766302272414219e-01
3.483573795793015737e-01
7.606779179571554472e-01
1.761519162160930518e-01
8.427933047583864301e-01
4.603725649395468134e-01
1.951453667401844561e-01
3.727816511002778332e-01
7.598041773879541383e-01
1.022253575686752347e-01
6.180903179614465337e-01
1.858973734748452511e-01
7.033863976807100959e-01
3.285223668281204157e-01
7.847091796351037818e-01
8.963963511060529799e-01
8.450089957489851367e-01
9.115722817564505531e-01
5.592679248073517684e-01
1.153263479892977506e-01
3.736603087053550487e-01
4.847658879858477432e-01
4.863761281642390299e-01
7.338503474292734641e-02
9.464763019015519641e-01
4.421646442424449486e-01
1.272129928050412806e-01
4.368726209965472229e-01
2.960857222516666276e-01
4.131187898276625914e-01
8.751772474279233549e-01
9.649689528734860522e-01
6.540207427583266675e-02
8.186659363372486009e-01
5.429980670204259674e-01
2.948177950815289439e-02
9.606825409221592116e-01
5.636890016705936590e-01
6.610782727734942910e-02
3.304725192531333677e-01
4.259673270680042201e-01
3.080611143648048778e-02
9.449957041315326656e-02
6.264498492763708182e-01
4.704487166340040050e-01
3.412382114734306970e-01
1.085614166915206402e-01
9.510098219834365318e-01
2.524874867053062966e-01
9.031773676754548674e-01
2.186017629925226524e-01
5.466938492575899033e-01
3.117206847016491533e-01
7.006488338593552800e-02
3.295442173009688336e-01
4.584241094720395981e-01
8.308864716060265776e-01
